#p-length: 2013.949402332306
#h-change: 138
#v-expans: 1240374
#cpu-time: 452040.0
#beta-avg: 16.635321741518766
#degrees : 2295.67440032959
#nº-steps: 157

PATH:
1000 1000 158.46704
1030 988 159.56445
1039 986 160.0122
1053 984 161.1958
1068 980 162.36182
1076 979 162.02832
1077 979 161.76001
1079 979 161.01807
1089 980 161.82983
1091 980 161.59326
1094 981 162.90967
1096 982 164.11743
1100 984 163.90356
1126 996 164.27515
1158 1016 162.54517
1218 1046 163.47266
1234 1056 163.11572
1255 1070 161.57886
1260 1074 162.86694
1261 1075 163.29199
1281 1091 165.58032
1291 1099 164.88184
1301 1109 161.79639
1302 1110 161.90918
1322 1122 163.67944
1335 1131 166.00659
1338 1133 169.95679
1340 1134 170.81885
1343 1136 173.16895
1367 1154 169.43823
1409 1182 177.94385
1431 1198 182.2793
1434 1200 182.37158
1461 1208 182.29004
1483 1216 189.37085
1490 1222 186.5398
1491 1223 186.28711
1505 1230 185.89697
1509 1233 185.61035
1510 1234 185.60327
1514 1237 185.77246
1523 1244 186.76831
1534 1250 189.91528
1554 1262 200.72217
1558 1265 200.50659
1570 1274 198.90381
1588 1280 200.03711
1604 1284 210.53027
1632 1300 212.99512
1684 1322 219.71704
1720 1342 228.02979
1727 1347 230.72656
1742 1359 237.91626
1748 1365 241.71924
1753 1370 245.14404
1793 1410 261.51758
1802 1426 258.62842
1803 1428 258.23267
1797 1434 253.4436
1798 1437 252.49243
1800 1439 251.1919
1798 1441 249.6726
1800 1443 248.93677
1801 1444 249.00244
1804 1447 248.21436
1803 1452 245.98413
1802 1457 244.2461
1789 1482 237.41553
1791 1490 234.53589
1792 1496 233.47241
1793 1503 231.98071
1798 1531 226.32397
1836 1626 219.13062
1845 1641 221.53589
1846 1643 221.46387
1847 1645 221.01587
1849 1649 220.6648
1851 1651 221.1836
1852 1654 220.76831
1854 1656 221.74463
1867 1660 221.95386
1885 1672 221.31128
1890 1677 219.02466
1892 1681 217.16577
1894 1683 215.68579
1902 1667 215.91943
1894 1654 213.7893
1897 1642 212.10718
1902 1632 211.43408
1908 1624 210.08057
1919 1612 209.6228
1922 1608 210.3899
1929 1601 214.62134
1938 1598 222.38647
1951 1599 229.06714
1954 1600 228.18237
1955 1600 227.93701
1957 1604 226.64185
1959 1606 225.344
1960 1609 223.99927
1962 1611 223.2622
1970 1621 219.51611
1973 1624 219.41113
1979 1628 219.88843
1980 1629 221.20483
2004 1634 223.7544
2005 1634 223.23438
2006 1634 222.71997
2018 1642 219.86035
2034 1656 215.87769
2041 1660 215.7666
2049 1668 214.60864
2062 1675 214.45044
2064 1676 214.64185
2069 1677 216.92651
2070 1676 218.77759
2073 1677 222.05176
2077 1676 226.44653
2079 1677 226.67651
2080 1678 226.17236
2094 1685 226.6731
2101 1690 224.93066
2110 1702 221.68774
2115 1707 219.27905
2118 1713 217.15771
2124 1735 212.24414
2126 1749 209.62524
2126 1753 208.43774
2126 1762 206.32642
2124 1793 205.61133
2123 1801 208.2207
2118 1824 203.0022
2117 1828 201.6604
2117 1829 201.2102
2118 1832 200.25757
2120 1840 198.4248
2118 1889 188.13623
2116 1894 185.32397
2113 1898 182.33618
2108 1907 176.71777
2108 1908 176.19922
2099 1914 171.52368
2092 1919 169.83643
2090 1921 169.07617
2089 1922 169.12036
2084 1928 168.10742
2079 1931 167.54541
2078 1932 167.13818
2071 1939 162.84863
2063 1945 159.66992
2048 1957 158.04126
2036 1967 158.96338
2018 1983 158.87622
2017 1984 158.81763
2015 1986 158.47119
2004 1996 156.96753
2000 2000 156.69946
