#p-length: 609.6844861507416
#h-change: 13
#v-expans: 29288
#cpu-time: 13547.0
#beta-avg: 5.482816256009615
#degrees : 71.276611328125
#nº-steps: 33

PATH:
2323 2755 48.05066
2272 2636 49.314697
2244 2559 52.11548
2235 2532 53.126587
2234 2528 53.200317
2230 2512 53.92285
2222 2480 55.572266
2222 2479 55.740112
2220 2469 56.75354
2218 2460 57.45813
2204 2400 60.580933
2204 2395 60.872925
2204 2394 61.03943
2203 2384 61.426514
2202 2370 60.884766
2202 2368 60.652588
2191 2247 52.123413
2191 2245 52.52112
2191 2244 52.151855
2191 2241 51.582275
2191 2230 49.37317
2191 2229 48.9541
2191 2227 48.79297
2191 2221 47.50415
2191 2220 47.19409
2191 2218 46.81848
2191 2217 46.586426
2191 2208 44.343384
2191 2206 44.194946
2191 2187 40.376953
2191 2186 40.60742
2191 2182 40.17224
2191 2179 39.37793
