#p-length: 360.5586984157562
#h-change: 21
#v-expans: 12215
#cpu-time: 3431.0
#beta-avg: 8.451105753580729
#degrees : 177.4732208251953
#nº-steps: 36

PATH:
500 500 26.15918
532 526 26.000977
533 527 26.30664
534 528 26.498535
547 539 27.151367
552 544 27.54004
568 559 28.45996
570 561 28.413086
587 577 27.473633
588 578 27.300781
589 579 27.323242
592 582 27.123047
593 583 27.121094
594 584 27.057617
595 585 26.993164
596 586 26.944824
598 588 26.856445
602 592 26.409668
603 593 26.345215
605 595 26.325684
615 604 27.705566
619 608 27.86621
641 628 26.322754
645 632 25.754395
646 633 25.844238
649 636 25.990234
662 648 24.666992
671 656 25.85254
672 657 26.124512
689 673 25.73291
691 675 25.311523
716 695 26.86914
718 697 26.037598
746 746 25.055176
747 747 24.981934
750 750 24.918945
