#p-length: 1375.9107888936996
#h-change: 75
#v-expans: 121353
#cpu-time: 30868.0
#beta-avg: 5.159032592773437
#degrees : 386.9274444580078
#nº-steps: 129

PATH:
1123 2315 47.576416
1134 2298 49.213745
1135 2297 49.47998
1147 2277 49.479614
1148 2276 49.510986
1162 2255 49.839844
1176 2234 50.483032
1186 2219 50.747314
1198 2201 49.73694
1204 2192 49.86377
1216 2175 49.37097
1232 2151 44.512085
1233 2150 44.64612
1240 2140 43.45105
1242 2138 42.189087
1263 2108 39.14453
1268 2102 39.08606
1276 2092 37.90869
1280 2088 37.652832
1292 2074 35.987305
1296 2069 36.437866
1297 2068 36.085083
1299 2066 35.871704
1307 2056 35.91028
1321 2035 34.425537
1327 2028 34.239746
1331 2023 33.519287
1343 2008 32.95044
1344 2007 32.90674
1345 2006 33.009033
1349 2002 33.581177
1351 2000 33.665894
1355 1995 33.152588
1356 1994 33.280396
1358 1992 33.628662
1375 1972 32.999878
1385 1960 33.1604
1386 1959 33.35608
1394 1949 33.708374
1399 1943 33.78723
1404 1937 33.334595
1413 1928 32.792236
1428 1907 33.61902
1436 1896 32.78589
1454 1874 34.506226
1459 1868 34.018677
1469 1854 33.532837
1471 1852 33.33557
1480 1841 35.039795
1483 1838 35.570312
1484 1837 35.501587
1489 1832 34.45337
1516 1801 33.550415
1520 1797 34.568115
1524 1793 33.465576
1526 1791 34.545532
1529 1788 34.83423
1530 1787 34.56421
1531 1786 34.345825
1532 1785 34.263916
1535 1782 34.733032
1536 1781 34.43274
1537 1780 34.159668
1544 1772 34.62097
1552 1764 35.395996
1588 1728 37.539062
1589 1727 37.52185
1602 1711 37.160645
1605 1708 37.69922
1612 1700 38.05774
1616 1695 37.382812
1630 1679 37.70276
1631 1678 38.117188
1633 1676 39.061523
1637 1671 40.020386
1639 1669 39.6709
1640 1668 39.458862
1641 1667 38.915527
1644 1664 39.507812
1645 1663 40.430298
1659 1649 40.559204
1661 1647 40.86914
1663 1645 40.5625
1664 1644 40.588257
1668 1639 41.010986
1677 1630 40.708252
1687 1619 40.212524
1699 1605 40.017944
1702 1602 40.763916
1708 1596 40.981567
1714 1590 40.73755
1715 1589 40.837646
1716 1588 41.030884
1724 1578 40.22473
1727 1575 40.54492
1739 1560 40.94861
1742 1557 40.076294
1751 1548 40.91516
1754 1545 41.651367
1757 1542 41.665894
1758 1541 41.670044
1759 1540 41.75952
1760 1539 41.764038
1761 1538 41.821655
1762 1537 42.020386
1763 1536 42.122925
1775 1524 41.64392
1820 1470 36.07959
1828 1460 35.697998
1832 1455 35.297607
1848 1439 34.492065
1856 1431 34.618774
1859 1427 33.61145
1863 1422 34.19214
1869 1415 33.755127
1881 1400 32.736206
1884 1397 33.076538
1888 1392 32.5614
1900 1376 32.37744
1904 1371 32.290405
1905 1370 32.69568
1943 1324 28.573242
1949 1317 28.333618
1957 1309 28.359009
1958 1308 28.070557
1959 1307 28.386108
1960 1306 28.428833
1970 1295 28.400146
1986 1279 29.338013
